361000 1999000.0
361001 1997200.0
361002 1998600.0
361003 1832000.0
361004 1992400.0
361005 1998800.0
361006 1796000.0
361007 1948800.0
361008 1989000.0
361009 1179400.0
361010 1995800.0
361011 1083600.0
403550 20000.0
403551 20000.0
403552 20000.0
403553 78000.0
403554 30000.0
403555 20000.0
403556 20000.0
403557 78000.0
403558 28000.0
403559 20000.0
403560 20000.0
403561 20000.0
403562 20000.0
403563 20000.0
403564 20000.0
403565 20000.0
403566 20000.0
403567 20000.0
403568 20000.0
403569 20000.0
403570 19000.0
403571 20000.0
403572 20000.0
403573 20000.0
403574 20000.0
403575 20000.0
403576 20000.0
403577 20000.0
403578 20000.0
403579 20000.0
403580 20000.0
403581 20000.0
403582 20000.0
403583 20000.0
403584 20000.0
403585 20000.0
403586 20000.0
403587 20000.0
403588 20000.0
403589 20000.0
403590 20000.0
403591 20000.0
403592 20000.0
403593 20000.0
403594 20000.0
403595 20000.0
403596 20000.0
403597 20000.0
403598 20000.0
403599 19000.0
403600 20000.0
403601 20000.0
403602 20000.0
403603 20000.0
403604 19000.0
